farm.max_paths = 10
in work... f->current_path = 0
in work... f->paths[0] = 300 298 301 302 303 304 297 296 305 295 294 293 306 307 308 292 291 309 290 310 311 289 288 312 313 287 314 -1 -1 -1 -1 -1 -1 -1 -1 -1 -1 -1 -1 -1 -1 -1 -1 -1 -1 -1 -1 -1 -1 -1 -1 -1 -1 -1 -1 -1 -1 -1 -1 -1 -1 -1 -1 -1 -1 -1 -1 -1 -1 -1 -1 -1 -1 -1 -1 -1 -1 -1 -1 -1 -1 -1 -1 -1 -1 -1 -1 -1 -1 -1 -1 -1 -1 -1 -1 -1 -1 -1 -1 -1 -1 -1 -1 -1 -1 -1 -1 -1 -1 -1 -1 -1 -1 -1 -1 -1 -1 -1 -1 -1 -1 -1 -1 -1 -1 -1 -1 -1 -1 -1 -1 -1 -1 -1 -1 -1 -1 -1 -1 -1 -1 -1 -1 -1 -1 -1 -1 -1 -1 -1 -1 -1 -1 -1 -1 -1 -1 -1 -1 -1 -1 -1 -1 -1 -1 -1 -1 -1 -1 -1 -1 -1 -1 -1 -1 -1 -1 -1 -1 -1 -1 -1 -1 -1 -1 -1 -1 -1 -1 -1 -1 -1 -1 -1 -1 -1 -1 -1 -1 -1 -1 -1 -1 -1 -1 -1 -1 -1 -1 -1 -1 -1 -1 -1 -1 -1 -1 -1 -1 -1 -1 -1 -1 -1 -1 -1 -1 -1 -1 -1 -1 -1 -1 -1 -1 -1 -1 -1 -1 -1 -1 -1 -1 -1 -1 -1 -1 -1 -1 -1 -1 -1 -1 -1 -1 -1 -1 -1 -1 -1 -1 -1 -1 -1 -1 -1 -1 -1 -1 -1 -1 -1 -1 -1 -1 -1 -1 -1 -1 -1 -1 -1 -1 -1 -1 -1 -1 -1 -1 -1 -1 -1 -1 -1 -1 -1 -1 -1 -1 -1 -1 -1 -1 -1 -1 -1 -1 -1 -1 -1 -1 -1 -1 -1 -1 -1 -1 -1 -1 -1 -1 -1 -1 -1 -1 -1 -1 -1 -1 -1 -1 -1 -1 -1 -1 -1 -1 -1 -1 -1 -1 -1 -1 -1 -1 -1 -1 -1 -1 -1 -1 -1 -1 -1 -1 -1 -1 -1 -1 -1 -1 -1 -1 -1 -1 -1 -1 -1 -1 -1 -1 -1 -1 -1 -1 -1 -1 -1 -1 -1 -1 -1 -1 -1 -1 -1 -1 -1 -1 -1 -1 -1 -1 -1 -1 -1 -1 -1 -1 -1 -1 -1 -1 -1 -1 -1 -1 -1 -1 -1 -1 -1 -1 -1 -1 -1 -1 -1 -1 -1 -1 -1 -1 -1 -1 -1 -1 -1 -1 -1 -1 -1 -1 -1 -1 -1 -1 -1 -1 -1 -1 -1 -1 -1 -1 -1 -1 -1 -1 -1 -1 -1 -1 -1 -1 -1 -1 -1 -1 -1 -1 -1 -1 -1 -1 -1 -1 -1 -1 -1 -1 -1 -1 -1 -1 -1 -1 -1 -1 -1 -1 -1 -1 -1 -1 -1 -1 -1 -1 -1 -1 -1 -1 -1 -1 -1 -1 -1 -1 -1 -1 -1 -1 -1 -1 -1 -1 -1 -1 -1 -1 -1 -1 -1 -1 -1 -1 -1 -1 -1 -1 -1 -1 -1 -1 -1 -1 -1 -1 -1 -1 -1 -1 -1 -1 -1 -1 -1 -1 -1 -1 -1 -1 -1 -1 -1 -1 -1 -1 -1 -1 -1 -1 -1 -1 -1 -1 -1 -1 -1 -1 -1 -1 -1 -1 -1 -1 -1 -1 -1 -1 -1 -1 -1 -1 -1 -1 -1 -1 -1 -1 -1 -1 -1 -1 -1 -1 -1 -1 -1 -1 -1 -1 -1 -1 -1 -1 -1 -1 -1 -1 -1 -1 -1 
b = 0
[0;33mpath[0]:[0m 0  256  345  346  255  347  254  253  348  252  349  350  351  352  251  353  250  249  354  355  356  248  247  246  357  358  245  299  1 
[0;33mpath[1]:[0m 0  300  298  301  302  303  304  297  296  305  295  294  293  306  307  308  292  291  309  290  310  311  289  288  312  313  287  314  1 
[0;33mpath[2]:[0m 0  315  286  316  285  317  284  318  283  282  319  281  320  280  321  279  278  277  322  323  324  276  325  326  327  328  275  329  330  1 
[0;33mpath[3]:[0m 0  274  331  273  272  271  332  270  333  269  268  267  334  266  265  335  264  263  336  262  337  338  261  339  260  340  259  341  342  258  343  344  257  1 
[0;33mpath[4]:[0m 0  244  359  360  361  243  242  362  363  241  364  240  365  366  239  367  368  238  369  370  237  236  371  235  372  373  374  234  375  376  377  378  233  379  380  1 
[0;33mpath[5]:[0m 0  159  459  460  158  461  157  156  462  155  463  464  465  154  153  152  151  150  149  148  147  146  466  467  468  469  145  144  143  470  142  141  140  471  472  473  139  474  138  137  475  476  136  135  477  134  478  479  133  480  481  132  482  131  130  483  1 
[0;33mpath[6]:[0m 0  232  231  381  382  230  229  383  228  227  384  385  386  226  387  225  388  224  223  222  389  390  221  220  391  219  392  218  393  394  217  395  216  215  214  396  397  213  398  399  212  211  400  401  210  209  208  402  207  206  403  205  404  405  204  406  203  202  407  408  409  201  410  411  412  200  199  198  1 
[0;33mpath[7]:[0m 0  484  129  485  128  486  127  487  488  489  126  490  491  125  124  123  492  122  493  494  121  495  496  120  497  119  118  117  498  116  499  115  500  501  502  114  113  112  503  111  504  505  506  110  507  109  108  107  106  508  105  509  510  104  511  512  103  102  513  101  514  100  99  515  98  97  516  96  95  94  93  517  518  519  92  91  90  1 
[0;33mpath[8]:[0m 0  413  414  197  415  416  196  195  194  417  193  192  418  191  419  190  420  421  189  188  422  187  423  186  185  184  424  425  183  426  427  428  429  182  430  431  181  180  432  179  433  178  177  434  435  176  436  175  437  438  439  440  174  441  442  173  172  171  443  170  444  169  445  446  447  448  449  450  168  451  452  167  166  165  453  454  164  163  162  161  455  456  457  458  160  1 
[0;33mpath[9]:[0m 0  89  520  521  522  523  524  525  526  527  528  529  88  530  531  87  86  85  84  532  83  82  81  80  79  533  78  534  535  536  537  77  76  75  538  539  74  73  72  71  70  69  68  540  67  541  66  65  542  543  64  63  62  61  60  544  59  545  546  58  57  547  548  56  549  550  55  54  53  551  552  52  553  554  555  556  51  557  50  49  558  559  560  48  561  562  563  47  564  565  566  567  46  1 
IN SET_PATH_LENGTHS: 9
len[0] = 29
len[1] = 29
len[2] = 30
len[3] = 34
len[4] = 36
len[5] = 57
len[6] = 69
len[7] = 78
len[8] = 86
len[9] = 94
ants in path[0] = 4
ants in path[1] = 4
ants in path[2] = 3
ants in path[3] = 0
ants in path[4] = 0
ants in path[5] = 0
ants in path[6] = 0
ants in path[7] = 0
ants in path[8] = 0
ants in path[9] = 0
L1-256 L2-300 L3-315 
L1-345 L2-298 L3-286 L4-256 L5-300 L6-315 
L1-346 L2-301 L3-316 L4-345 L5-298 L6-286 L7-256 L8-300 L9-315 
L1-255 L2-302 L3-285 L4-346 L5-301 L6-316 L7-345 L8-298 L9-286 L10-256 L11-300 
L1-347 L2-303 L3-317 L4-255 L5-302 L6-285 L7-346 L8-301 L9-316 L10-345 L11-298 
L1-254 L2-304 L3-284 L4-347 L5-303 L6-317 L7-255 L8-302 L9-285 L10-346 L11-301 
L1-253 L2-297 L3-318 L4-254 L5-304 L6-284 L7-347 L8-303 L9-317 L10-255 L11-302 
L1-348 L2-296 L3-283 L4-253 L5-297 L6-318 L7-254 L8-304 L9-284 L10-347 L11-303 
L1-252 L2-305 L3-282 L4-348 L5-296 L6-283 L7-253 L8-297 L9-318 L10-254 L11-304 
L1-349 L2-295 L3-319 L4-252 L5-305 L6-282 L7-348 L8-296 L9-283 L10-253 L11-297 
L1-350 L2-294 L3-281 L4-349 L5-295 L6-319 L7-252 L8-305 L9-282 L10-348 L11-296 
L1-351 L2-293 L3-320 L4-350 L5-294 L6-281 L7-349 L8-295 L9-319 L10-252 L11-305 
L1-352 L2-306 L3-280 L4-351 L5-293 L6-320 L7-350 L8-294 L9-281 L10-349 L11-295 
L1-251 L2-307 L3-321 L4-352 L5-306 L6-280 L7-351 L8-293 L9-320 L10-350 L11-294 
L1-353 L2-308 L3-279 L4-251 L5-307 L6-321 L7-352 L8-306 L9-280 L10-351 L11-293 
L1-250 L2-292 L3-278 L4-353 L5-308 L6-279 L7-251 L8-307 L9-321 L10-352 L11-306 
L1-249 L2-291 L3-277 L4-250 L5-292 L6-278 L7-353 L8-308 L9-279 L10-251 L11-307 
L1-354 L2-309 L3-322 L4-249 L5-291 L6-277 L7-250 L8-292 L9-278 L10-353 L11-308 
L1-355 L2-290 L3-323 L4-354 L5-309 L6-322 L7-249 L8-291 L9-277 L10-250 L11-292 
L1-356 L2-310 L3-324 L4-355 L5-290 L6-323 L7-354 L8-309 L9-322 L10-249 L11-291 
L1-248 L2-311 L3-276 L4-356 L5-310 L6-324 L7-355 L8-290 L9-323 L10-354 L11-309 
L1-247 L2-289 L3-325 L4-248 L5-311 L6-276 L7-356 L8-310 L9-324 L10-355 L11-290 
L1-246 L2-288 L3-326 L4-247 L5-289 L6-325 L7-248 L8-311 L9-276 L10-356 L11-310 
L1-357 L2-312 L3-327 L4-246 L5-288 L6-326 L7-247 L8-289 L9-325 L10-248 L11-311 
L1-358 L2-313 L3-328 L4-357 L5-312 L6-327 L7-246 L8-288 L9-326 L10-247 L11-289 
L1-245 L2-287 L3-275 L4-358 L5-313 L6-328 L7-357 L8-312 L9-327 L10-246 L11-288 
L1-299 L2-314 L3-329 L4-245 L5-287 L6-275 L7-358 L8-313 L9-328 L10-357 L11-312 
L1-1 L2-1 L3-330 L4-299 L5-314 L6-329 L7-245 L8-287 L9-275 L10-358 L11-313 
L3-1 L4-1 L5-1 L6-330 L7-299 L8-314 L9-329 L10-245 L11-287 
L6-1 L7-1 L8-1 L9-330 L10-299 L11-314 
L9-1 L10-1 L11-1 
YES
